Clouds: 0.2826087
Grime: 0.2608696
Palette: 3007
EffectColorA: 6
EffectColorB: 20
Effects: LethalWater-1-32-57, WaterViscosity-0.5869565-291-62, HeatWave-0.1847826-76-118, 
PlacedObjects: CustomDecal><116.6466><35.07881><12~622~760~582~819~-56~616~-99.00002~0~1~0~ph~0.2282609~1~0.2282609~1~0.2282609~1~0.2282609~1, LightSource><492.4143><109.6807><0.6956522~EffectColor1~-525~393~-346~-181.3975~1~0~None~0~0, LightSource><281><118><0.5326087~EffectColor1~-525~393~350~74.60254~1~0~None~0~0, LightSource><718><106><0.5652174~EffectColor1~-525~393~-143~74.60254~1~0~None~0~0, SteamPipe><259.4581><100.1956><0~100, SteamPipe><488><80><0~100, SteamPipe><714><81><0~100, DangleFruit><154.1274><494.8458><0~0~2~3, 
AmbientSounds: OMNI><AM_IND-Factory04.ogg><137.8702><538.9022><0.3152174><1, OMNI><AM_IND-Midsex02.ogg><137.3153><472.311><0.1847826><1, SPOT><rwtw_ambflowdrip.ogg><740.7234><298.1982><0.2065217><1><498.7234><491.1982><-256.3553><-147.3553><0><0.1, 
FadePalette: 16, 0.1521739
