Template: NONE
Clouds: 0.2065217
Grime: 0.1847826
Palette: 3008
EffectColorA: 11
EffectColorB: 14
PlacedObjects: CustomDecal><111.6997><18.76151><-80~605~473~635~352~-17~-550~152~0~1~0~rustb1~0.423913~1~0.423913~1~0.423913~1~0.423913~1, CustomDecal><506.0555><-2.442131><-108~656~593~700~577~-15~-932~172~0~1~0~rust1~0.5~0.1956522~0.5~0.1956522~0.5~0.1956522~0.5~0.1956522, CustomDecal><522.6124><119.8951><6~418~110~425~64~-2~-956~53~0.5869565~1~0~cactusman~0.1521739~0.1630435~0.5869565~0.1630435~0.4782609~0.1630435~0.4782609~0.1630435, CustomDecal><118.108><249.1409><4~273~374~247~345~-151~-525~-70~0.4673913~1~0~pillman~0~0.3695652~0.6086956~0.3695652~0.5760869~0.3695652~0~0.3695652, CustomDecal><326.6864><308.9276><-41~105~120~126~103~-19~-735~-129~0.5652174~1~0~cyansperm~0.3586957~0~0.3586957~0~0.3586957~0~0.3586957~0, CustomDecal><45.60889><55.33225><-71~570~956~637~934~-54~-451~123~0~1~0~runningwhite~0.1195652~1~0.1195652~1~0.1195652~1~0.1195652~1, DangleFruit><601.8312><383.3927><-32~16~2~3, DangleFruit><572.9499><319.4936><-11~-37~2~3, DataPearl><771.3><369.2539><0~0~0~0~Misc~0, 
AmbientSounds: OMNI><AM_ENV-WinterTrees.ogg><89.57379><533.1555><0.4565217><1, OMNI><AM_IND-Factory02.ogg><89.67859><451.9368><0.1521739><1, OMNI><AM_IND-Midsex01.ogg><82.9928><362.9499><0.1304348><1, SPOT><AM_IND-Midsex03.ogg><713.9337><547.8292><0.3369565><1><506.9337><22.82922><-74.35535><-41.35534><0><0.1, 
FadePalette: 16, 0.09782609
