Template: NONE
Clouds: 0.2065217
Grime: 0.1847826
Palette: 3008
EffectColorA: 11
EffectColorB: 14
PlacedObjects: CustomDecal><111.6997><18.76151><-80~605~473~635~352~-17~-550~152~0~1~0~rustb1~0.423913~1~0.423913~1~0.423913~1~0.423913~1, CustomDecal><506.0555><-2.442131><-108~656~593~700~577~-15~-932~172~0~1~0~rust1~0.5~0.1956522~0.5~0.1956522~0.5~0.1956522~0.5~0.1956522, CustomDecal><522.6124><119.8951><6~418~110~425~64~-2~-956~53~0.5869565~1~0~cactusman~0.1521739~0.1630435~0.5869565~0.1630435~0.4782609~0.1630435~0.4782609~0.1630435, CustomDecal><118.108><249.1409><4~273~374~247~345~-151~-525~-70~0.4673913~1~0~pillman~0~0.3695652~0.6086956~0.3695652~0.5760869~0.3695652~0~0.3695652, CustomDecal><326.6864><308.9276><-41~105~120~126~103~-19~-735~-129~0.5652174~1~0~cyansperm~0.3586957~0~0.3586957~0~0.3586957~0~0.3586957~0, CustomDecal><45.60889><55.33225><-71~570~956~637~934~-54~-451~123~0~1~0~runningwhite~0.1195652~1~0.1195652~1~0.1195652~1~0.1195652~1, 
FadePalette: 16, 0.09782609
