Clouds: 0.4130435
Palette: 3008
Effects: ReplaceEffectColorB-0-20-20-Color-0-0.9130435-1, LightBurn-0.07608695-144-35, 
PlacedObjects: CustomDecal><547.8619><272.0843><23~193~127~184~139~0~-393~-243~0.6413044~1~0~redghostsquid~0.5108696~1~0.5108696~1~0.5108696~1~0.5108696~1, CustomDecal><375><235><19~274~146~281~135~-3~-490~-175~0.5326087~1~0~tiremouth~0.423913~0.2391304~0.423913~0.2391304~0.423913~0.2391304~0.423913~0.2391304, CustomDecal><316><318><-18~263~121~284~135~-3~-490~-175~0~0.3804348~0~whitejunkarrows~0.423913~0.2391304~0.423913~0.2391304~0.423913~0.2391304~0.423913~0.2391304, CustomDecal><645><366><0~226~104~235~125~11~-490~-175~0~0.3804348~0~vertical pink~0.5434783~0.2391304~0.5434783~0.2391304~0.5434783~0.2391304~0.5434783~0.2391304, LightSource><539.7089><323.4457><0.08695652~Environment~-510~115~50~86.60254~1~1~None~0~0, 
FadePalette: 16, 0.07608695
