Template: NONE
Clouds: 0.423913
Grime: 0.2934783
Palette: 1123
EffectColorA: 14
EffectColorB: 11
Effects: LightBurn-0.06521739-20-20, 
PlacedObjects: CustomDecal><-123.8086><34.1922><-118~625~482~709~322~-58~-308~-23.99998~0~1~0~rustb3~0.173913~0.4021739~0.5~0.4021739~0.5~0.4021739~0.5~0.4021739, CustomDecal><402.0501><143.9926><-40~549~520~639~492~-23~-827~-127~0~1~0~rust1~0.2717391~0.6195652~0.2717391~0.6195652~0.2717391~0.6195652~0.2717391~0.6195652, CustomDecal><558.3094><181.9393><2~297~234~321~169~-26~-991~-179~0~1~0~rustb1~0.423913~0.1086956~0.423913~0.1086956~0.423913~0.1086956~0.423913~0.1086956, CustomDecal><89.94977><24.00806><-105~611~703~541~649~-37~-545~48.00002~0~1~0~runningwhite~0.1521739~1~0.1521739~1~0.1521739~1~0.1521739~1, CustomDecal><679.4321><81.08257><-56~567~638~695~530~88~-1116~-71~0~1~0~rust2~0.3369565~1~0.3369565~1~0.3369565~1~0.3369565~1, LightSource><413.3063><376.0497><0.08695652~Environment~406~185~-699~-77.39746~1~1~None~0~0, CustomDecal><168.4048><102.3241><-23~211~765~618~515~-52~-574~-28.00002~0~1~0~oda~0.5543478~1~0.1195652~1~0.1195652~1~0.1195652~1, 
FadePalette: 74, 0.2608696
MorePalette0: 8, 0.06521739
