Clouds: 0.2717391
Palette: 3008
EffectColorA: 13
Effects: ReplaceEffectColorB-0.3043478-20-20-Color-0-1-1, LightBurn-0.07608695-281-72, 
PlacedObjects: LightSource><940.814><207.8234><0.06521739~Environment~-514~239~-383~155.6025~1~1~None~0~0, LightSource><948><209><0.1847826~Environment~-514~239~-387~235.6025~1~0~None~0~0, CustomDecal><1247.198><64.5249><9~418~324~424~283~-29~380~-28~0.3913043~1~0~rustb3~0.4565217~1~0.4565217~1~0.4565217~1~0.4565217~1, LightBeam><764.5532><133.4647><86~586~243~590~310~-2~0~0~0.08478048~0~1~1~None~0~0, LightSource><937.986><688.3005><0.09782609~Environment~-389~-453~-698~-293.3975~1~1~None~0~0, 
FadePalette: 16, 0.1521739, 0.1195652
