Clouds: 0.2771736
Grime: 0.1227354
Palette: 3007
EffectColorB: 7
Effects: ReplaceEffectColorA-0-20-20-Color-0-0.638134-0.6227354, WaterDepth-0.04257268-209.2083-40.66666, DirtyWater-1-283.5833-117.4667, 
PlacedObjects: CustomDecal><381.2465><761.605><-26.20831~91.91112~200.0834~93.33333~214.9583~-7.111107~-483.0833~-82.48886~0.284873~1~0~whitetag10~0.307518~0.5765401~0.307518~0.5765401~0.307518~0.5765401~0.307518~0.5765401, CustomDecal><129.625><762.489><-14.87497~69.15556~207.8751~67.02222~214.9583~-7.111107~77.91669~113.0667~0.284873~1~0~smuglips~0.2921196~0.5765401~0.2921196~0.5765401~0.2921196~0.5765401~0.2921196~0.5765401, CustomDecal><517.7917><804.4445><4.25~134.5778~205.0418~130.3111~202.9166~-5.688889~77.91669~113.0667~0.284873~1~0~tall w&b~0.3306155~0.6920292~0.3306155~0.6920292~0.3306155~0.6920292~0.3306155~0.6920292, CustomDecal><97.75><180.6667><0~135.2889~154.7501~131.7333~146.2499~-2.133347~281.2083~114.489~0.284873~1~0~jackalopeskull~0.2844205~0.6920292~0.2844205~0.6920292~0.2844205~0.6920292~0.2844205~0.6920292, CustomDecal><318.75><930.3111><12.04169~505.0667~256.0418~509.3333~285.0833~-13.51112~184.1666~37.68903~0.284873~1~0~blackrust1~0.2690221~1~0.2690221~1~0.2690221~1~0.2690221~1, CustomDecal><50.29167><685.6889><12.04169~505.0667~322.6252~507.2~285.0833~-13.51112~-161.5~231.8597~0.284873~1~0~rustb2~0.4615041~1~0.4615041~1~0.4615041~1~0.4615041~1, CustomDecal><134.8457><41.28057><107.6667~372.8~462.8751~364.9778~622.25~-55.46667~529.8333~48.35556~0.2309784~1~0~blackrust1~0.6077905~1~0.6077905~1~0.6077905~1~0.6077905~1, CustomDecal><490.875><17.82222><107.6667~372.8~489.7919~389.1556~367.9584~-57.60001~-592.8751~254.5777~0.2309784~1~0~blackrust1~0.638588~1~0.638588~1~0.638588~1~0.638588~1, CustomDecal><-5.666656><1611.556><107.6667~372.8~482.0002~401.2445~367.9584~-57.60001~518.4999~-255.2889~0~1~0~rust3~0.638588~1~0.638588~1~0.638588~1~0.638588~1, CustomDecal><432.7917><1630.756><107.6667~372.8~499.0002~390.5779~367.9584~-57.60001~518.4999~-255.2889~0.2309784~1~0~rust3~0.638588~1~0.638588~1~0.638588~1~0.638588~1, LightSource><312.4486><110.7338><0.4302541~EffectColor2~-117.5833~420~50~86.60254~1~0~None~0~0, LightSource><649.5416><106.7111><0.4533519~EffectColor2~-117.5833~420~50~86.60254~1~0~None~0~0, 
AmbientSounds: OMNI><am_ind-factory04.ogg><731.9347><507.9233><0.5><1, 
FadePalette: 16, 0.09239147, 0.06929348, 0.08469225
