Clouds: 0.3586957
Palette: 3008
EffectColorB: 6
Effects: WaterDepth-0.0326087-20-20, 
PlacedObjects: CGDrySpot><-195.3478><-54.62973><100~50~1429^325~True~None, CGDrySpot><1862.797><-59.25955><100~50~296^344~True~None, LightSource><1392.539><107.8039><0~EffectColor2~-32~319~50~86.60254~0~0~None~0~0, LightSource><1591><98><0~EffectColor2~-32~319~50~86.60254~0~0~None~0~0, LightSource><1791><124><0~EffectColor2~-32~319~50~86.60254~0~0~None~0~0, CustomDecal><902.0553><-50.79591><-2~446~387~459~285~-12~481~78.00002~0~0.3152174~0~rust3~0.7173913~0.7173913~0.7173913~0.7173913~0.7173913~0.7173913~0.7173913~0.7173913, CustomDecal><926><-27><-103~441~387~459~433~-20~481~78.00002~0.2608696~1~0~rust3~0.5760869~0.7173913~0.5760869~0.7173913~0.5760869~0.7173913~0.5760869~0.7173913, CustomDecal><87><123><18~134~405~172~433~-20~481~78.00002~0.2608696~1~0~sleepingdragon~0.5760869~0.2282609~0.5760869~0.2282609~0.5760869~0.2282609~0.5760869~0.2282609, CustomDecal><396><129><11~83~203~109~177~9~484~-198~0.2608696~1~0~whitetag3~0.5760869~0.2282609~0.5760869~0.2282609~0.5760869~0.2282609~0.5760869~0.2282609, CustomDecal><1426><320><16~192~460~83~453~10~307~-321~0~1~0~canworm~0.5760869~0.2282609~0.5760869~0.2282609~0.5760869~0.2282609~0.5760869~0.2282609, CustomDecal><125><219><-9~299~252~328~264~-116~307~-321~0~0.2173913~0~blackrust1~1~1~1~1~1~1~1~1, CustomDecal><-81><73.00002><-6~391~187~370~231~-31~481~78.00002~0~0.2717391~0~rust3~0.6195652~0.7173913~0.6195652~0.7173913~0.6195652~0.7173913~0.6195652~0.7173913, 
FadePalette: 16, 0.0930141, 0.1068049
MorePalette0: 4, 0.3369565, 0.3478261
