Clouds: 0.3695652
Grime: 0.2065217
Palette: 3007
EffectColorA: 6
EffectColorB: 0
Effects: ReplaceEffectColorB-0-20-20-Color-0.04347826-1-1, HeatWave-0.1847826-232-60, WaterViscosity-0.5217391-30-30, SilenceWater-1-40-40, DirtyWater-1-175-134, LethalWater-1-827-496, 
PlacedObjects: CustomDecal><346.2807><449.6976><-3~82~73~92~74~-7~-394~-207~0~1~0~whiteeye~0.3152174~0.2065217~0.3152174~0.2065217~0.3152174~0.2065217~0.3152174~0.2065217, SteamPipe><615.8068><165.4485><0~100, SteamPipe><940.6998><170.7409><0~100, SteamPipe><769.9288><162.8396><0~100, SteamPipe><463.6495><164.8672><0~100, SteamPipe><1085.084><166.6378><0~100, SteamPipe><1252.333><165.1396><0~100, SteamPipe><3702.331><182.0672><-1~82, SteamPipe><1355.153><164.6748><0~100, SteamPipe><3504.006><184.8001><1~79, LightSource><558.475><459.6984><0.1195651~Environment~257~-288~50~86.60254~1~1~None~0~0, LightSource><3543><416><0.08695652~Environment~-294~-192~50~86.60254~1~1~None~0~0, LightSource><3495><348><0.05434782~Environment~-214~-101~50~86.60254~1~1~None~0~0, CustomDecal><3189><284><27~151~262~184~262~12~-279~-144~0.3043478~1~0~tamponnose~0.3369565~1~0.3369565~1~0.3369565~1~0.3369565~1, CGDrySpot><3217.909><189.5721><100~50~100^100~False~None, CustomDecal><2173><404><0~117~296~121~273~3~-279~-144~0~1~0~faceandtag~0.5326087~1~0.5326087~1~0.5326087~1~0.5326087~1, CustomDecal><2671><406><0~112~296~121~297~-1~-279~-144~0~1~0~rabbit~0.5326087~1~0.5326087~1~0.5326087~1~0.5326087~1, CustomDecal><659><386><-34~117~449~131~426~-16~-457~-140~0.3152174~1~0~gummiworms~0.3586957~1~0.3586957~1~0.3586957~1~0.3586957~1, LightSource><655><227><0.3586957~EffectColor1~-2~299~50~86.60254~1~0~None~0~0, LightSource><1122><224><0.3586957~EffectColor1~-2~299~50~86.60254~1~0~None~0~0, LightSource><1794><253><0.3586957~EffectColor1~-2~299~50~86.60254~1~0~None~0~0, LightSource><2332><237><0.3586957~EffectColor1~11~243~50~86.60254~1~0~None~0~0, LightSource><3472><225><0.3586957~EffectColor1~-8~296~50~86.60254~1~0~None~0~0, LightSource><3699><233><0.3586957~EffectColor1~-8~296~50~86.60254~1~0~None~0~0, ClimbablePoleV><1408.183><153.331><0^8, 
AmbientSounds: OMNI><AM_IND-Factory01.ogg><728.1141><220.1643><0.2282609><1, OMNI><AM_IND-Utility02.ogg><703.4492><459.232><0.1521739><1, 
FadePalette: 16, 0.1304348, 0.1086956, 0.1086956, 0.1086956
