Template: NONE
Clouds: 0.1913976
Grime: 0.4001952
Palette: 3008
EffectColorA: 11
EffectColorB: 6
Effects: ModifyEffectColorA-0.9685894,0.7435979,0.6566003-1082.781-640.4314, LightBurn-0.08699898-1086.654-408.4562, MossWaterRGB-0.3562076-20-20-Height:1, 
PlacedObjects: LightSource><545.167><298.6691><0.06621186~Environment~197.4296~48.77499~50~86.60254~1~1~None~0~0, LightSource><635.3961><291.7937><0.06621186~Environment~197.4296~48.77499~50~86.60254~1~1~None~0~0, LightSource><866.9758><294.9953><0.09521219~Environment~197.4296~48.77499~50~86.60254~1~1~None~0~0, LightSource><334.4492><298.1969><0.09521219~Environment~139.2679~23.69611~50~86.60254~1~1~None~0~0, LightSource><577.7679><214.4227><0.09521219~Environment~139.2679~23.69611~50~86.60254~1~1~None~0~0, LightSource><593.7758><200.0156><0.09521219~Environment~139.2679~23.69611~50~86.60254~1~1~None~0~0, LightSource><899.525><345.6867><0.09521219~Environment~139.2679~23.69611~50~86.60254~1~1~None~0~0, LightSource><332.8484><346.2203><0.09521219~Environment~139.2679~23.69611~50~86.60254~1~1~None~0~0, CustomDecal><144.3751><146.3587><-24.54532~411.5634~438.7766~457.9861~413.1641~-12.80625~428.4757~19.74297~0~1~0~rustb3~0.5~1~0.5~1~0.5~1~0.5~1, CustomDecal><371.8008><2.585953><-24.54532~411.5634~438.7766~457.9861~413.1641~-12.80625~428.4757~19.74297~0~1~0~rustb3~0.5~1~0.5~1~0.5~1~0.5~1, CustomDecal><668.4789><50.0758><-24.54532~411.5634~438.7766~457.9861~413.1641~-12.80625~428.4757~19.74297~0~1~0~rustb3~0.5~1~0.5~1~0.5~1~0.5~1, CustomDecal><438.5><133.85><-24.54532~411.5634~438.7766~457.9861~413.1641~-12.80625~428.4757~19.74297~0~1~0~rustb3~0.5~1~0.5~1~0.5~1~0.5~1, CustomDecal><374.4687><-35.83279><-28.04112~470.1792~501.2683~523.2136~472.008~-14.63015~428.4757~19.74297~0~1~0~mxdstp_tagrust04~0.4362017~1~0.4362017~1~0.4362017~1~0.4362017~1, CustomDecal><-14.5211><-11.82108><-28.04112~470.1792~501.2683~523.2136~472.008~-14.63015~428.4757~19.74297~0~1~0~mxdstp_tagrust04~0.4362017~1~0.4362017~1~0.4362017~1~0.4362017~1, CustomDecal><653.5383><3.11953><-28.04112~470.1792~501.2683~523.2136~472.008~-14.63015~-374.5829~60.82968~0.2667966~1~0~mxdstp_tagrust04~0.6159986~1~0.6159986~1~0.6159986~1~0.6159986~1, CGDrySpot><449.122><5.80397><100~50~276.0859^264.8805~True~None, ColouredLightSource><225.6263><211.7197><100~50~94FFC9~234.2476^-77.43826~0.2866091~False~0.5~0~0.5~Always~0~100, ColouredLightSource><289.0938><212.2883><100~50~94FFC9~197.9632^-81.1734~0.3330092~False~0.5~0~0.5~Always~0~100, ColouredLightSource><846.1656><208.0195><100~50~94FFC9~166.4811^-77.97182~0.4954064~False~0.5~0~0.5~Always~0~100, ColouredLightSource><957.6868><212.2883><100~50~94FFC9~149.4063^-86.50934~0.8028034~False~0.5~0~0.5~Always~0~100, 
AmbientSounds: SPOT><so_wat-splashes.ogg><718.9749><563.8351><0.2332021><1><248.3287><193.5367><-66.3038><-47.62801><0><0.1, SPOT><so_wat-splashes.ogg><713.1597><564.2402><0.2680027><1><889.2292><219.0207><-78.04285><-67.37097><0><0.1, OMNI><so_ind-mechhum01.ogg><672.0879><440.7469><0.4536007><1, 
FadePalette: 16, 0.06959932
