Template: NONE
CeilingDrips: 0.2564027
Clouds: 0.1913976
Grime: 0.4001952
Palette: 3007
EffectColorA: 11
EffectColorB: 6
Effects: ModifyEffectColorA-0.9685894,0.7435979,0.6566003-976.5953-578.0009, LightBurn-0.07539915-20-20, DirtyWater-1-974.9945-520.9063, SilenceWater-1-978.7297-459.543, WaterViscosity-0.5335945-978.1961-398.7133, LethalWater-1-30-69.48593, 
PlacedObjects: CGDrySpot><416.4719><105.1109><100~50~145.8889^339.0499~False~None, LightSource><296.4441><402.1><0.1880095~Environment~113.1219~33.30075~50~86.60254~1~1~None~0~0, LightSource><495.4437><402.3227><0.1938092~Environment~130.1968~39.70389~50~86.60254~1~1~None~0~0, LightSource><687.5375><399.6547><0.1068102~Environment~127.529~19.4274~50~86.60254~1~1~None~0~0, LightSource><411.136><371.3743><0.1068095~Environment~81.63989~19.96094~50~86.60254~1~1~None~0~0, LightSource><626.7078><341.493><0.0952102~Environment~128.5961~37.56949~50~86.60254~1~1~None~0~0, LightSource><302.8164><217.6991><0.3040062~EffectColor2~225.7101~13.02417~50~86.60254~1~0~None~0~0, CustomDecal><-25.34377><217.6992><-34.25982~227.5971~257.5251~243.7426~226.0219~-16.14544~445.0172~-167.5485~0~1~0~rustb3~0.459401~1~0.459401~1~0.459401~1~0.459401~1, CustomDecal><558.4078><248.114><-46.42261~308.3977~348.9507~330.2751~306.2633~-21.87734~445.0172~-167.5485~0~1~0~rustb3~0.459401~1~0.459401~1~0.459401~1~0.459401~1, CustomDecal><539.732><232.6399><-46.42261~308.3977~348.9507~330.2751~306.2633~-21.87734~445.0172~-167.5485~0~1~0~rustb3~0.459401~1~0.459401~1~0.459401~1~0.459401~1, CustomDecal><589.8898><261.4539><-46.42261~308.3977~348.9507~330.2751~306.2633~-21.87734~-325.4921~-173.9516~0.2783966~0.5070051~0~rust3~1~1~1~1~1~1~1~1, CustomDecal><201.9672><149.3992><-46.42261~308.3977~348.9507~330.2751~306.2633~-21.87734~-325.4921~-173.9516~0~1~0~rust3~0.3272081~1~0.3272081~1~0.3272081~1~0.3272081~1, CustomDecal><569.6133><194.7547><-46.42261~308.3977~348.9507~330.2751~306.2633~-21.87734~-325.4921~-173.9516~0~1~0~rust3~0.3272081~1~0.3272081~1~0.3272081~1~0.3272081~1, CustomDecal><221.7102><172.8773><-46.42261~308.3977~348.9507~330.2751~306.2633~-21.87734~-325.4921~-173.9516~0~1~0~mxdstp_tagrust05~0.2692088~0~0.2692088~0~0.2692088~0~0.2692088~0, LightSource><380.1874><366.0383><0.05799932~Environment~124.3273~-46.73825~50~86.60254~1~1~None~0~0, LightSource><740.8969><345.7617><0.1010092~Environment~188.3586~-69.6828~50~86.60254~1~1~None~0~0, CustomDecal><274.5359><303.6078><-30.96019~205.6767~232.7224~220.2672~204.2533~-14.59044~-325.4921~-173.9516~0~1~0~whitetag2~0.3736061~0~0.3736061~0~0.3736061~0~0.3736061~0, LightSource><672.0635><216.632><0.2692049~EffectColor2~225.7101~13.02417~50~86.60254~1~0~None~0~0, CustomDecal><206.7695><137.6601><-30.96019~205.6767~232.7224~220.2672~204.2533~-14.59044~-325.4921~-173.9516~0~1~0~whitetag14(uglytag)~0.5012048~0.255197~0.5012048~0.255197~0.5012048~0.255197~0.5012048~0.255197, CustomDecal><357.7766><289.7343><-28.82581~241.9611~286.6154~261.3539~276.822~-22.59436~-325.4921~-173.9516~0~1~0~yellowyou~0.2170089~1~0.2170089~1~0.2170089~1~0.2170089~1, CustomDecal><596.293><197.9563><-43.98029~117.3751~255.3511~82.5818~113.4173~7.970734~-375.1163~-42.15396~0~1~0~whitetag11(bubbly)~0.4490065~0.197198~0.4490065~0.197198~0.4490065~0.197198~0.4490065~0.197198, CustomDecal><18.94447><350.0304><-4.494263~191.0111~179.5807~154.6169~153.4369~-10.70502~-462.6257~-241.718~0~1~0~mxdstp_tagrust04~0.4374066~1~0.4374066~1~0.4374066~1~0.4374066~1, 
FadePalette: 16, 0.06959932
