Palette: 3007
EffectColorA: 13
EffectColorB: 7
Effects: WaterLights-0.7065217-20-20, LethalWater-1-6-87, DirtyWater-0.5-273-111, Darkness-0.3586957-449-545, WaterDepth-0-711-359, 
PlacedObjects: LightSource><233.2967><28.55551><0.4782609~EffectColor2~9~441~-150~176.6025~0~0~None~0~0, LightSource><418><-4><0.5217391~EffectColor2~1~431~-128~304.6025~0~0~None~0~0, LightSource><620><33><0.5~EffectColor2~-18~461~-162~407.6025~0~0~None~0~0, LightSource><808><24><0.5760869~EffectColor2~3~390~-142~291.6025~0~0~None~0~0, LightSource><1004><75><0.5326087~EffectColor2~7~403~-91~397.6025~0~0~None~0~0, LightSource><1166><88><0.5217391~EffectColor2~19~699~-99~298.6025~0~0~None~0~0, LightSource><1354><68><0.5326087~EffectColor2~20~338~-53~406.6025~0~0~None~0~0, LightSource><1561><64><0.5217391~EffectColor2~8~366~-33~283.6025~0~0~None~0~0, LightSource><1758><58><0.5326087~EffectColor2~-6~480~58~283.6025~0~0~None~0~0, CustomDecal><1070.061><335.5666><-11~280~204~270~196~10~-267~-30~0.5326087~1~0~dz_nikoni~0.5978261~0~0.5978261~0~0.5978261~0~0.5978261~0, SteamPipe><1386.18><30.33763><0~100, SteamPipe><1537.162><-5.63266><0~100, SteamPipe><1577.197><36.21344><0~100, SteamPipe><1781.194><29.19974><0~100, SteamPipe><1726.851><-26.88387><0~100, SteamPipe><809.8601><23.85712><0~100, SteamPipe><852.2><35.00311><0~100, SteamPipe><998.0529><-6.192886><0~100, SteamPipe><1138.976><-22.80147><0~100, SteamPipe><1197.909><40.82181><0~100, SteamPipe><1331.805><41.95522><0~100, SteamPipe><439><-19><0~100, SteamPipe><384><46><0~100, SteamPipe><242><-23><0~100, SteamPipe><195><35><0~100, SteamPipe><632><-23><0~100, SteamPipe><584><42><0~100, CGDrySpot><-194.6559><-53.87463><100~50~363^393~True~None, CGDrySpot><1826><-35><100~50~328^316~True~None, 
FadePalette: 16, 0.06521739, 0.06521739
