Clouds: 0.2282609
Palette: 3007
EffectColorB: 6
PlacedObjects: CustomDecal><174.2668><197.6993><2~420~385~418~375~-75~433~-120~0~1~0~rust1~0.75~1~0.75~1~0.75~1~0.75~1, CustomDecal><406><62><2~420~385~418~375~-75~433~-120~0~1~0~rust1~0.75~1~0.75~1~0.75~1~0.75~1, CustomDecal><149><109.0013><4~94~368~107~423~-10~433~-120~0~0.7826087~0~gummiworms~0.4565217~0~0.4565217~0~0.4565217~0~0.4565217~0, CustomDecal><313><311><-6~132~459~102~458~-20~500~-408~0~0.7826087~0~verybigsimple~0.4130435~0.5434783~0.4130435~0.5434783~0.4130435~0.5434783~0.4130435~0.5434783, CustomDecal><166><564.0027><0~69~142~87~147~20~500~-408~0~0.7826087~0~whitetag12(bigo)~0.3043478~0.5217391~0.3043478~0.5217391~0.3043478~0.5217391~0.3043478~0.5217391, CustomDecal><226><490><0~69~142~87~147~20~284~-152~0~0.7826087~0~whitetag5~0.4891304~0.5217391~0.4891304~0.5217391~0.4891304~0.5217391~0.4891304~0.5217391, CustomDecal><283><563><20~108~290~92~218~-7~-116~-432~0~0.7826087~0~whitetag10~0.3152174~0.5217391~0.3152174~0.5217391~0.3152174~0.5217391~0.3152174~0.5217391, 
FadePalette: 16, 0.04347826
MorePalette0: 4, 0.3478261
