RainIntensity: 0
Clouds: 0.4456522
Grime: 0.1521739
BkgDroneVolume: 0
Palette: 6
Effects: ElectricDeath-1-257-194, Fog-0-7-23, GreenSparks-0.3043478-256-245, 
PlacedObjects: SuperStructureFuses><232.0588><622.5587><117~200, 
AmbientSounds: OMNI><AM_ENV-LightWind.ogg><831.1455><642.5795><0.01086957><0.1, OMNI><AM_WAT-Sea01.ogg><654.1245><638.5935><0.01086957><0.1, OMNI><AM_ENV-WallHum.ogg><842.8219><487.159><0.4347826><1, SPOT><AM_WIN-MedWind.ogg><835.3273><377.1492><0.3804348><1><4121.327><467.1492><-540.3553><-4.355347><0><1, SPOT><AM_RAIN-Rumbles.ogg><837.0533><264.2864><0.3478261><1><350.0533><197.2864><290.6447><223.6447><0><1, SPOT><AM_IND-Utility03.ogg><670.4448><442.7953><0.4347826><1><3242.445><884.7953><36.64465><-240.3553><0><0.9152175, SPOT><AM_IND-Utility02.ogg><444.05><522.005><0.4130435><1><350.05><724.005><-6.355347><-126.3553><0><0.502174, SPOT><AM_IND-DeepHum.ogg><846.3013><148.8067><0.4130435><1><1492.301><961.8067><-368.3553><-220.3553><0><0.6434784, SPOT><SO_SFX-Data4.ogg><669.21><323.8041><0.2826087><1><208.21><748.8041><82.64465><-101.3553><0><0.7717391, SPOT><SO_IND-HVAC.ogg><677.6996><202.8065><0.423913><1><2495.699><877.8802><-95.35535><-185.3553><0><0.3934784, OMNI><MSC-UnrelentingBreakage.ogg><370.9498><416.2405><0><0.1, OMNI><MSC-StructureStrain.ogg><362.3441><329.3235><0><0.1, OMNI><MSC-HeavyCreaking.ogg><339.8279><247.0658><0><0.1, 
FadePalette: 8, 0.4782609, 0.4130435, 0.3478261, 0.2717391
