RainIntensity: 0.8695652
BkgDroneVolume: 0
Palette: 35
EffectColorA: 12
Effects: BkgOnlyLightning-1-6-136, GreenSparks-0.1630435-262-194, Fog-0-5-24, ElectricDeath-0-272-93, 
PlacedObjects: DeadTokenStalk><1455.802><1161.47><28~-47, DeadTokenStalk><1509.865><1188.369><23~-73, DeadTokenStalk><1592.978><1166.301><-26~-52, RedToken><1549.101><1198.078><-5~-87~0~0~0~LM~~0~0~1~0, DeadTokenStalk><1386.581><529.0983><-14~-51, DeadTokenStalk><1328.707><486.7646><34~-53, DeadTokenStalk><1355.875><391.1476><27~31, 
AmbientSounds: OMNI><AM_WAT-Sea01.ogg><654.1245><638.5935><0.02173913><0.1, SPOT><AM_IND-SuperStructure.ogg><836.916><530.1115><0.173913><0.8434783><2138.916><772.1116><-681.3553><311.6447><0><1, SPOT><AM_IND-Utility02.ogg><828.5547><408.543><0.2826087><1><1825.555><63.543><44.64465><240.6447><0><1, OMNI><AM_RAIN-Rumbles.ogg><655.6249><500.094><0.4891304><1, OMNI><AM_RAIN-RollingThunder.ogg><651.5873><568.0701><0.4891304><1, OMNI><AM_ENV-LightWind.ogg><831.1455><642.5795><0.01086957><0.1, OMNI><AM_ENV-NatWind.ogg><660.0591><425.1905><0.3478261><1, SPOT><AM_WIN-StrongWnd2.ogg><667.8346><323.3876><0.3804348><1><114.8978><1471.443><756.6447><-592.3553><0><0.8391306, OMNI><MSC-UnrelentingBreakage.ogg><372.9498><368.2405><0><0.1, OMNI><MSC-HeavyCreaking.ogg><369.8279><474.0658><0><0.1, OMNI><MSC-StructureStrain.ogg><377.3441><262.3235><0><0.1, 
FadePalette: 10, 0.7173913, 0.7173913, 0.7826087, 0.7826087
