WaveAmplitude: 0
SecondWaveAmplitude: 0.3478261
Clouds: 0
Palette: 35
Effects: Fog-0-20-20, 
PlacedObjects: BrokenShelterWaterLevel><327.9295><374.8382><, 
AmbientSounds: OMNI><MSC-UnrelentingBreakage.ogg><370.9498><416.2405><0><0.1, OMNI><MSC-HeavyCreaking.ogg><369.8279><474.0658><0><0.1, OMNI><MSC-StructureStrain.ogg><377.3441><262.3235><0><0.1, 
FadePalette: 11, 0.5543478
