DangerType: Flood
WaveAmplitude: 0
SecondWaveAmplitude: 0.3478261
Grime: 0.1847826
BkgDroneVolume: 0
PlacedObjects: BrokenShelterWaterLevel><491.6602><333.6197><, 
AmbientSounds: SPOT><waterGurgleLOOP1.wav><67.66833><502.642><0.1847826><0.9217392><256.6683><515.642><-151.3553><-100.3553><0><0.3826088, SPOT><AM_IND-Utility02.ogg><751.0584><460.0573><0.326087><1><450.0584><339.0573><-114.3553><-60.35535><0><0.328261, OMNI><MSC-UnrelentingBreakage.ogg><370.9498><416.2405><0><0.1, OMNI><MSC-HeavyCreaking.ogg><369.8279><474.0658><0><0.1, OMNI><MSC-StructureStrain.ogg><377.3441><262.3235><0><0.1, 
FadePalette: 10, 0.5434783
